Vector Kr : 
68
40
106
152
188
14
121
49
200
192
14
232
169
129
216
22
203
231
31
166
156
32
115
48
27
168
174
193
219
131
194
221
61
213
113
79
6
55
172
188
123
235
243
38
252
132
153
185
114
193
128
217
74
38
183
156
124
245
3
159
155
29
89
10
207
196
14
60
199
37
81
77
190
35
204
180
134
242
90
161
15
151
22
104
24
239
140
106
180
254
34
147
170
251
43
24
114
243
195
99
63
193
1
53
156
238
96
94
63
129
207
120
65
137
106
225
146
200
229
28
190
176
137
109
139
55
163
104
208
254
29
228
118
156
219
221
191
219
199
16
243
145
129
224
123
98
56
62
214
132
168
27
168
7
119
102
182
20
90
153
205
223
221
249
240
255
250
107
9
141
57
195
188
255
51
102
172
139
43
182
6
228
56
235
232
31
159
20
233
94
55
91
109
163
106
128
225
169
241
166
105
225
35
60
107
157
172
39
135
83
254
218
253
56
22
174
129
182
125
96
131
116
217
108
123
136
57
114
181
173
152
46
204
201
181
203
24
112
83
48
25
119
175
185
252
230
55
154
213
17
138
53
28
51
241
134
194
231
80
26
73
151
59
212
33
189
182
108
203
146
167
34
200
247
205
179
44
184
36
16
72
4
225
215
156
234
78
6
132
48
250
83
46
211
125
255
129
163
25
Vector Kc : 
110
175
57
33
239
165
65
138
21
182
83
57
179
45
100
128
219
40
238
81
24
35
103
240
228
12
190
54
243
133
211
165
99
197
157
207
101
19
209
203
18
166
166
187
136
134
64
35
188
43
62
47
207
46
188
167
65
119
214
52
174
244
43
255
14
35
16
31
197
140
185
168
147
66
97
243
40
139
182
10
91
192
202
63
176
87
222
181
163
250
178
208
49
79
177
58
84
205
25
243
188
244
4
49
241
24
30
205
195
34
113
238
85
49
90
30
52
120
174
245
140
189
191
200
242
229
79
184
117
215
182
116
184
22
67
120
38
243
80
149
240
5
26
5
224
170
211
217
19
89
49
37
255
42
217
140
148
250
162
76
201
88
148
91
191
91
125
166
ITER_MAX : 
1
